526643085452
526643560072
526643411825
526641359373
526641082547
526644945021
526643176317
526641622335
526642949108
526642056734
526641172279
526642197289
526643339353
526643286778
526643026799
526641942241
526643306836
526641905254
526642864264
526642354240
526642919645
526641138110
526642936569
526642949641
526643095518
526641167284
526642340042
526648010542
526643687188
526644940017
526643099242
526643169206
526641666731
526643472639
526642962503
526643410855
526643993408
526642790104
526641275131
526644958292
526641142809
526641285879
526643463318
526644962100
526641288454
526643165284
526642026782
526642020834
526643082115
526642872556
526643390138
526643981460
526642435592
526642185860
526642039782
526644933780
526648057112
526641168076
526643996034
526643079632
526641898320
526643742059
526642176994
526641758344
526641638213
526643468156
526642051428
526641682107
526641093285
526642026291
526643693120
526643039771
526643146740
526643191155
526641303912
526643027886
526642938210
526642932110
526641229168
526642796195
526643206032
526644929204
526648057374
526642831117
526642862915
526643296800
526643500188
526643464732
526643081727
526643114592
526642182819
526641087130
526641641189
526645030822
526641607842
526643309207
526641358503
526644927685
526643109218
526643299055
