526641155064
526641891312
526641296632
526643140476
526641890296
526641643146
526643117722
526641907717
526641309973
526643367076
526643999971
526643101313
526641632745
526643489278
526641650829
526643388852
526643483446
526643470498
526642198653
526642018998
526642933864
526641767421
526641183210
526641095295
526641643144
526641138637
526643460530
526641981473
526641954384
526642632087
526641118274
526641764792
526643049543
526642935415
526641996776
526641086508
526644900929
526643577375
526641191421
526641984825
526644950309
526643492510
526641979049
526641123515
526642924056
526643337012
526641356293
526643562067
526643450112
526642184535
526643116720
526641936326
526641195045
526642809280
526641654933
526642188356
526643344379
526642366785
526642805552
526642819699
526644985390
526641275180
526642037186
526645029165
526643378882
526642057524
526642964197
526641641277
526643165248
526641949962
526641769131
526641166342
526643277962
526643294126
526643520103
526643742318
526643470067
526643510999
526641706772
526642917825
526643517280
526643389948
526648010200
526642962918
526641764795
526641214712
526645021061
526643943838
526641513504
526643525682
526642359597
526642030989
526643332825
526643517364
526641286000
526641979338
526641770687
526643548331
526643097952
526643302201
