526641762375
526643315373
526642845750
526643551699
526645016891
526642918898
526643099880
526643274233
526642340180
526643556424
526641182458
526643696844
526641710151
526643493910
526642361253
526641938341
526641931762
526643050673
526648026130
526643116973
526643541227
526643131838
526641162540
526642362994
526644961336
526643384854
526646975534
526642790692
526643159192
526641143907
526645007261
526642058874
526641698054
526643367865
526643125207
526641981884
526642920572
526643512915
526641097020
526642036835
526648084650
526641152034
526642793982
526643124919
526641637793
526641099308
526643553913
526641655098
526641118698
526641215772
526642869777
526643371905
526642863691
526643426422
526642194629
526641263347
526641191033
526642039236
526641258518
526645026068
526646742862
526642868376
526643348869
526642808769
526643544097
526643412350
526641903970
526643190211
526641278577
526641620470
526643566971
526643293202
526646971513
526643509047
526643168092
526644909826
526643160331
526643193008
526642842629
526643471627
526642021628
526642015820
526646993032
526642830898
526643295727
526643050651
526642923575
526642413141
526642843554
526641938150
526643405940
526642855291
526642199287
526641109609
526643401143
526642050842
526643492646
526641284010
526643044549
526643032393
