525511966884
525513726904
524772746824
525525323566
525519084595
525519064376
525516531781
525511947751
525522490475
525518209674
525513052681
525516909473
525521175787
525512351640
525513385282
525519048631
525516561319
525519244249
525513624371
524448468624
524432197571
524421529260
525525345030
525522120326
524432076818
525521811785
525512965920
525525192739
525512478327
525513311206
525513892128
525518561813
525520786546
525523376606
525522615283
524491062434
525523025515
525513656070
525515117368
525522955784
524925443562
525518469793
525513005372
525518079387
525511920354
525513753574
524431284456
525521183866
525522209272
525513920485
525510162714
525510139786
524331001238
525519195462
525511995152
525514860771
525512256125
525521932963
525525141848
525519310726
525525015064
525525004528
525522436788
525516813544
525518232157
524432076819
525521142041
525525145714
524771271651
525523236644
525511523984
525514927597
524811101480
525522634108
524381066446
524531001622
525514983663
525513925925
525518229012
524891088065
525521409122
525523025159
524432075999
524934689133
525513677987
525521173435
525511548867
525511876317
525517305390
524431283719
525525039248
525521157835
525511888461
525517320862
525516489645
525520714424
525511468662
524961183367
525518088355
525520935394
